    GLuint indices[] = {
        // Near Cube
         0,  1,  2,
         0,  2,  3,
         4,  0,  3,
         4,  3,  7,
         4,  5,  1,
         4,  1,  0,
         3,  2,  6,
         3,  6,  7,
         1,  5,  6,
         1,  6,  2,
         7,  6,  5,
         7,  5,  4,
        // Far Cube
         8,  9, 10,
         8, 10, 11,
        12,  8, 11,
        12, 11, 15,
        12, 13,  9,
        12,  9,  8,
        11, 10, 14,
        11, 14, 15,
         9, 13, 14,
         9, 14, 10,
        15, 14, 13,
        15, 13, 12,
        // Front Cube
         0,  1,  2,
         0,  2,  3,
         8,  0,  3,
         8,  3, 11,
         8,  9,  1,
         8,  1,  0,
         3,  2, 10,
         3, 10, 11,
         1,  9, 10,
         1, 10,  2,
        11, 10,  9,
        11,  9,  8,
        //Back Cube
        12, 13, 14,
        12, 14, 15,
         4, 12, 15,
         4, 15,  7,
         4,  5, 13,
         4, 13, 12,
        15, 14,  6,
        15,  6,  7,
        13,  5,  6,
        13,  6, 14,
         7,  6,  5,
         7,  5,  4,
        // Top Cube
         0,  8, 11,
         0, 11,  3,
         4,  0,  3,
         4,  3,  7,
         4, 12,  8,
         4,  8,  0,
         3, 11, 15,
         3, 15,  7,
         8, 12, 15,
         8, 15, 11,
         7, 15, 12,
         7, 12,  4,
        // Bottom Cube
         9,  1,  2,
         9,  2, 10,
        13,  9, 10,
        13, 10, 14,
        13,  5,  1,
        13,  1,  9,
        10,  2,  6,
        10,  6, 14,
         1,  5,  6,
         1,  6,  2,
        14,  6,  5,
        14,  5, 13,
        // Left Cube
        11, 10,  2,
        11,  2,  3,
        15, 11,  3,
        15,  3,  7,
        15, 14, 10,
        15, 10, 11,
         3,  2,  6,
         3,  6,  7,
        10, 14,  6,
        10,  6,  2,
         7,  6, 14,
         7, 14, 15,
        // Right Cube
         0,  1,  9,
         0,  9,  8,
         4,  0,  8,
         4,  8, 12,
         4,  5,  1,
         4,  1,  0,
         8,  9, 13,
         8, 13, 12,
         1,  5, 13,
         1, 13,  9,
        12, 13,  5,
        12,  5,  4

    };


